

Data vision final project

Attributes classification:

Training, Testing, Gaussian, ratio, total precision, pos precision, neg precision
2000, 500, 1, 0.3, 0.91, 0.56, 0.93
2000, 500, 5, 0.3, 0.86, 0.60, 0.88
2000, 500, 20, 0.3, 0.85, 0.59, 0.87
2000, 500, 100, 0.3, 0.85, 0.59, 0.87
2000, 500, 10000, 0.3, 0.91, 0.48, 0.95
2000, 500, 100000, 0.3, 0.91, 0.03, 1
2000, 500, 1, 0.5, 0.83, 0.75, 0.83
2000, 500, 5, 0.5, 0.80, 0.72, 0.79
2000, 500, 10000, 0.5, 0.82, 0.77, 0.81



 
